97.0,1.0,100.0,57.0,57.0
98.0,1.0,100.0,9.0,9.0
90.0,1.0,100.0,1.0,1.0
92.0,1.0,100.0,12.0,12.0
100.0,100.0,100.0,16.0,16.0
94.0,100.0,100.0,1.0,1.0
80.0,1.0,100.0,26.0,26.0
77.0,1.0,100.0,8.0,8.0
96.0,1.0,100.0,1.0,1.0
94.0,1.0,100.0,52.0,52.0
94.0,1.0,100.0,43.0,43.0
94.0,1.0,100.0,21.0,21.0
94.0,1.0,100.0,15.0,15.0
94.0,1.0,100.0,13.0,13.0
94.0,1.0,100.0,2.0,2.0
94.0,1.0,100.0,4.0,4.0
94.0,1.0,100.0,7.0,7.0
94.0,1.0,100.0,1.0,1.0
100.0,1.0,100.0,49.0,49.0
100.0,1.0,100.0,48.0,48.0
100.0,1.0,100.0,47.0,47.0
100.0,1.0,100.0,46.0,46.0
99.0,1.0,100.0,45.0,45.0
99.0,1.0,100.0,44.0,44.0
99.0,1.0,100.0,43.0,43.0
99.0,1.0,100.0,42.0,42.0
98.0,1.0,100.0,42.0,42.0
98.0,1.0,100.0,41.0,41.0
98.0,1.0,100.0,40.0,40.0
98.0,1.0,100.0,37.0,37.0
99.0,1.0,100.0,52.0,52.0
99.0,1.0,100.0,51.0,51.0
79.0,1.0,100.0,47.0,47.0
59.0,1.0,100.0,1.0,1.0
100.0,1.0,100.0,1.0,1.0
99.0,1.0,100.0,1.0,1.0
