98.0,98.0,100.0,38.0,38.0
83.0,100.0,100.0,100.0,100.0
82.0,100.0,100.0,100.0,100.0
81.0,100.0,100.0,100.0,100.0
80.0,100.0,100.0,100.0,100.0
77.0,100.0,100.0,100.0,100.0
76.0,100.0,100.0,100.0,100.0
75.0,100.0,100.0,100.0,100.0
74.0,100.0,100.0,100.0,100.0
73.0,100.0,100.0,100.0,100.0
72.0,100.0,100.0,100.0,100.0
70.0,100.0,100.0,100.0,100.0
69.0,100.0,100.0,100.0,100.0
67.0,100.0,100.0,100.0,100.0
66.0,100.0,100.0,100.0,100.0
65.0,100.0,100.0,100.0,100.0
61.0,100.0,100.0,100.0,100.0
60.0,100.0,100.0,100.0,100.0
59.0,100.0,100.0,100.0,100.0
58.0,100.0,100.0,100.0,100.0
100.0,100.0,100.0,76.0,76.0
51.0,100.0,100.0,100.0,100.0
79.0,94.0,100.0,100.0,100.0
73.0,94.0,100.0,100.0,100.0
72.0,94.0,100.0,100.0,100.0
71.0,94.0,100.0,100.0,100.0
94.0,100.0,100.0,85.0,85.0
71.0,100.0,100.0,100.0,100.0
84.0,94.0,100.0,100.0,100.0
83.0,94.0,100.0,100.0,100.0
82.0,94.0,100.0,100.0,100.0
81.0,94.0,100.0,100.0,100.0
51.0,94.0,100.0,100.0,100.0
100.0,100.0,100.0,77.0,77.0
99.0,100.0,100.0,66.0,66.0
99.0,100.0,100.0,67.0,67.0
99.0,100.0,100.0,68.0,68.0
99.0,100.0,100.0,79.0,79.0
99.0,100.0,100.0,80.0,80.0
99.0,100.0,100.0,82.0,82.0
99.0,100.0,100.0,84.0,84.0
99.0,100.0,100.0,86.0,86.0
99.0,100.0,100.0,87.0,87.0
87.0,100.0,100.0,100.0,100.0
85.0,100.0,100.0,100.0,100.0
100.0,100.0,100.0,81.0,81.0
100.0,100.0,100.0,82.0,82.0
100.0,100.0,100.0,83.0,83.0
100.0,100.0,100.0,85.0,85.0
68.0,100.0,100.0,100.0,100.0
64.0,100.0,100.0,100.0,100.0
63.0,100.0,100.0,100.0,100.0
62.0,100.0,100.0,100.0,100.0
100.0,100.0,100.0,84.0,84.0
100.0,100.0,100.0,65.0,65.0
82.0,100.0,100.0,99.0,99.0
78.0,100.0,100.0,98.0,98.0
100.0,94.0,100.0,81.0,81.0
100.0,84.0,100.0,72.0,72.0
