100.0,25.0,100.0,100.0,100.0
100.0,22.0,100.0,100.0,100.0
100.0,24.0,100.0,82.0,82.0
95.0,26.0,100.0,100.0,100.0
93.0,13.0,100.0,100.0,100.0
100.0,34.0,100.0,98.0,98.0
100.0,26.0,100.0,98.0,98.0
100.0,26.0,100.0,99.0,99.0
100.0,21.0,100.0,99.0,99.0
100.0,20.0,100.0,99.0,99.0
100.0,20.0,100.0,100.0,100.0
100.0,31.0,100.0,100.0,100.0
100.0,30.0,100.0,100.0,100.0
100.0,18.0,100.0,99.0,99.0
100.0,15.0,100.0,99.0,99.0
97.0,27.0,100.0,100.0,100.0
97.0,19.0,100.0,100.0,100.0
97.0,15.0,100.0,100.0,100.0
99.0,26.0,100.0,100.0,100.0
99.0,24.0,100.0,100.0,100.0
99.0,22.0,100.0,100.0,100.0
100.0,28.0,100.0,100.0,100.0
100.0,32.0,100.0,77.0,77.0
100.0,31.0,100.0,77.0,77.0
100.0,21.0,100.0,77.0,77.0
100.0,24.0,100.0,100.0,100.0
100.0,17.0,100.0,100.0,100.0
99.0,17.0,100.0,100.0,100.0
99.0,15.0,100.0,100.0,100.0
100.0,26.0,100.0,80.0,80.0
100.0,30.0,100.0,99.0,99.0
100.0,24.0,100.0,99.0,99.0
100.0,23.0,100.0,98.0,98.0
100.0,23.0,100.0,97.0,97.0
96.0,27.0,100.0,95.0,95.0
100.0,18.0,100.0,98.0,98.0
100.0,12.0,100.0,98.0,98.0
98.0,31.0,100.0,100.0,100.0
97.0,29.0,100.0,100.0,100.0
100.0,22.0,100.0,99.0,99.0
100.0,36.0,100.0,80.0,80.0
100.0,26.0,100.0,100.0,100.0
100.0,19.0,100.0,100.0,100.0
98.0,22.0,100.0,100.0,100.0
100.0,29.0,100.0,100.0,100.0
