99.0,1.0,100.0,73.0,73.0
99.0,1.0,100.0,72.0,72.0
99.0,1.0,100.0,70.0,70.0
99.0,1.0,100.0,69.0,69.0
98.0,1.0,100.0,69.0,69.0
98.0,1.0,100.0,68.0,68.0
97.0,1.0,100.0,65.0,65.0
97.0,1.0,100.0,63.0,63.0
98.0,1.0,100.0,72.0,72.0
98.0,1.0,100.0,66.0,66.0
98.0,1.0,100.0,64.0,64.0
97.0,1.0,100.0,57.0,57.0
94.0,1.0,100.0,61.0,61.0
100.0,1.0,100.0,72.0,72.0
87.0,1.0,100.0,72.0,72.0
85.0,1.0,100.0,64.0,64.0
83.0,1.0,100.0,60.0,60.0
94.0,1.0,100.0,52.0,52.0
94.0,1.0,100.0,43.0,43.0
100.0,1.0,100.0,49.0,49.0
100.0,1.0,100.0,48.0,48.0
100.0,1.0,100.0,47.0,47.0
100.0,1.0,100.0,46.0,46.0
99.0,1.0,100.0,45.0,45.0
99.0,1.0,100.0,44.0,44.0
99.0,1.0,100.0,43.0,43.0
99.0,1.0,100.0,42.0,42.0
98.0,1.0,100.0,42.0,42.0
98.0,1.0,100.0,41.0,41.0
98.0,1.0,100.0,40.0,40.0
98.0,1.0,100.0,37.0,37.0
99.0,1.0,100.0,71.0,71.0
99.0,1.0,100.0,52.0,52.0
99.0,1.0,100.0,51.0,51.0
79.0,1.0,100.0,47.0,47.0
