100.0,63.0,100.0,90.0,90.0
100.0,49.0,100.0,88.0,88.0
97.0,43.0,100.0,100.0,100.0
99.0,72.0,100.0,97.0,97.0
99.0,70.0,100.0,97.0,97.0
99.0,61.0,100.0,89.0,89.0
100.0,34.0,100.0,98.0,98.0
99.0,65.0,100.0,98.0,98.0
100.0,31.0,100.0,100.0,100.0
100.0,30.0,100.0,100.0,100.0
99.0,69.0,100.0,100.0,100.0
99.0,67.0,100.0,100.0,100.0
100.0,49.0,100.0,100.0,100.0
100.0,46.0,100.0,100.0,100.0
100.0,42.0,100.0,100.0,100.0
100.0,41.0,100.0,100.0,100.0
100.0,40.0,100.0,100.0,100.0
100.0,39.0,100.0,100.0,100.0
100.0,38.0,100.0,100.0,100.0
100.0,37.0,100.0,100.0,100.0
99.0,54.0,100.0,100.0,100.0
99.0,51.0,100.0,100.0,100.0
98.0,35.0,100.0,100.0,100.0
100.0,36.0,100.0,100.0,100.0
100.0,57.0,100.0,100.0,100.0
100.0,56.0,100.0,100.0,100.0
100.0,48.0,100.0,100.0,100.0
99.0,55.0,100.0,100.0,100.0
99.0,53.0,100.0,100.0,100.0
99.0,50.0,100.0,100.0,100.0
99.0,72.0,100.0,100.0,100.0
51.0,46.0,100.0,100.0,100.0
100.0,55.0,100.0,100.0,100.0
100.0,44.0,100.0,99.0,99.0
100.0,57.0,100.0,97.0,97.0
100.0,50.0,100.0,97.0,97.0
100.0,44.0,100.0,77.0,77.0
98.0,62.0,99.0,99.0,99.0
97.0,73.0,100.0,99.0,99.0
100.0,58.0,99.0,100.0,100.0
100.0,52.0,100.0,100.0,100.0
99.0,68.0,100.0,100.0,100.0
99.0,66.0,100.0,100.0,100.0
99.0,64.0,100.0,100.0,100.0
99.0,62.0,100.0,100.0,100.0
98.0,59.0,100.0,100.0,100.0
100.0,59.0,100.0,100.0,100.0
93.0,43.0,100.0,100.0,100.0
92.0,43.0,100.0,100.0,100.0
91.0,43.0,100.0,100.0,100.0
100.0,66.0,100.0,99.0,99.0
100.0,54.0,100.0,99.0,99.0
100.0,48.0,100.0,99.0,99.0
100.0,43.0,100.0,99.0,99.0
100.0,45.0,100.0,99.0,99.0
100.0,45.0,100.0,100.0,100.0
100.0,70.0,100.0,98.0,98.0
98.0,40.0,100.0,100.0,100.0
100.0,50.0,100.0,100.0,100.0
100.0,64.0,100.0,100.0,100.0
100.0,58.0,100.0,100.0,100.0
98.0,43.0,100.0,100.0,100.0
99.0,73.0,100.0,100.0,100.0
99.0,71.0,100.0,100.0,100.0
97.0,73.0,100.0,100.0,100.0
96.0,73.0,100.0,100.0,100.0
96.0,72.0,100.0,100.0,100.0
100.0,71.0,100.0,100.0,100.0
100.0,70.0,100.0,99.0,99.0
100.0,69.0,100.0,100.0,100.0
100.0,61.0,100.0,99.0,99.0
100.0,60.0,100.0,99.0,99.0
100.0,60.0,100.0,98.0,98.0
100.0,59.0,100.0,98.0,98.0
100.0,53.0,100.0,98.0,98.0
100.0,45.0,100.0,98.0,98.0
100.0,42.0,100.0,98.0,98.0
98.0,31.0,100.0,100.0,100.0
100.0,64.0,100.0,98.0,98.0
100.0,52.0,100.0,98.0,98.0
100.0,40.0,100.0,98.0,98.0
98.0,73.0,100.0,100.0,100.0
98.0,71.0,100.0,100.0,100.0
98.0,70.0,100.0,100.0,100.0
98.0,69.0,100.0,100.0,100.0
97.0,68.0,100.0,100.0,100.0
97.0,67.0,100.0,100.0,100.0
97.0,66.0,100.0,100.0,100.0
100.0,73.0,100.0,100.0,100.0
100.0,54.0,100.0,80.0,80.0
100.0,70.0,100.0,100.0,100.0
100.0,65.0,100.0,100.0,100.0
100.0,54.0,100.0,100.0,100.0
100.0,53.0,100.0,100.0,100.0
100.0,44.0,100.0,100.0,100.0
100.0,35.0,100.0,100.0,100.0
99.0,45.0,100.0,100.0,100.0
99.0,43.0,100.0,100.0,100.0
99.0,41.0,100.0,100.0,100.0
100.0,72.0,100.0,100.0,100.0
100.0,68.0,100.0,100.0,100.0
100.0,66.0,100.0,100.0,100.0
100.0,63.0,100.0,100.0,100.0
100.0,62.0,100.0,100.0,100.0
100.0,60.0,100.0,100.0,100.0
97.0,61.0,100.0,94.0,94.0
96.0,50.0,100.0,94.0,94.0
96.0,49.0,100.0,94.0,94.0
95.0,48.0,100.0,94.0,94.0
99.0,64.0,100.0,99.0,99.0
98.0,60.0,100.0,99.0,99.0
100.0,70.0,100.0,95.0,95.0
100.0,43.0,100.0,100.0,100.0
100.0,43.0,100.0,96.0,96.0
98.0,64.0,100.0,100.0,100.0
100.0,67.0,100.0,100.0,100.0
100.0,61.0,100.0,100.0,100.0
