100.0,100.0,88.0,100.0,100.0
99.0,79.0,100.0,99.0,99.0
99.0,79.0,100.0,97.0,97.0
99.0,78.0,100.0,97.0,97.0
100.0,84.0,100.0,97.0,97.0
100.0,83.0,100.0,97.0,97.0
100.0,77.0,100.0,97.0,97.0
100.0,99.0,100.0,97.0,97.0
93.0,99.0,100.0,100.0,100.0
93.0,98.0,100.0,100.0,100.0
92.0,98.0,100.0,100.0,100.0
91.0,95.0,100.0,100.0,100.0
90.0,95.0,100.0,100.0,100.0
89.0,95.0,100.0,100.0,100.0
88.0,95.0,100.0,100.0,100.0
87.0,95.0,100.0,100.0,100.0
99.0,97.0,100.0,99.0,99.0
98.0,97.0,100.0,99.0,99.0
98.0,95.0,100.0,100.0,100.0
100.0,97.0,100.0,99.0,99.0
98.0,93.0,100.0,100.0,100.0
97.0,93.0,100.0,100.0,100.0
96.0,93.0,100.0,100.0,100.0
99.0,77.0,100.0,100.0,100.0
99.0,75.0,100.0,100.0,100.0
100.0,100.0,100.0,89.0,89.0
100.0,87.0,100.0,99.0,99.0
100.0,95.0,100.0,98.0,98.0
99.0,74.0,100.0,100.0,100.0
92.0,95.0,100.0,100.0,100.0
86.0,92.0,100.0,100.0,100.0
100.0,95.0,100.0,99.0,99.0
99.0,99.0,100.0,99.0,99.0
99.0,84.0,100.0,100.0,100.0
99.0,81.0,100.0,100.0,100.0
100.0,96.0,100.0,97.0,97.0
100.0,91.0,100.0,97.0,97.0
100.0,90.0,100.0,97.0,97.0
100.0,89.0,100.0,94.0,94.0
100.0,88.0,100.0,95.0,95.0
100.0,88.0,100.0,94.0,94.0
100.0,88.0,100.0,93.0,93.0
100.0,92.0,100.0,98.0,98.0
100.0,86.0,100.0,98.0,98.0
100.0,80.0,100.0,98.0,98.0
100.0,80.0,100.0,97.0,97.0
98.0,98.0,100.0,98.0,98.0
98.0,96.0,100.0,98.0,98.0
100.0,100.0,94.0,100.0,100.0
98.0,94.0,100.0,100.0,100.0
97.0,94.0,100.0,100.0,100.0
95.0,94.0,100.0,100.0,100.0
94.0,94.0,100.0,100.0,100.0
94.0,100.0,100.0,96.0,96.0
99.0,80.0,100.0,100.0,100.0
100.0,81.0,100.0,99.0,99.0
100.0,81.0,100.0,97.0,97.0
99.0,89.0,100.0,100.0,100.0
98.0,79.0,100.0,100.0,100.0
98.0,79.0,100.0,99.0,99.0
98.0,74.0,100.0,99.0,99.0
97.0,74.0,100.0,99.0,99.0
91.0,94.0,100.0,100.0,100.0
90.0,94.0,100.0,100.0,100.0
89.0,94.0,100.0,100.0,100.0
87.0,94.0,100.0,100.0,100.0
86.0,94.0,100.0,100.0,100.0
85.0,94.0,100.0,100.0,100.0
100.0,93.0,100.0,99.0,99.0
100.0,92.0,100.0,99.0,99.0
99.0,91.0,100.0,99.0,99.0
99.0,89.0,100.0,99.0,99.0
99.0,88.0,100.0,98.0,98.0
99.0,87.0,100.0,98.0,98.0
98.0,86.0,100.0,98.0,98.0
99.0,100.0,100.0,88.0,88.0
99.0,100.0,100.0,89.0,89.0
99.0,100.0,100.0,92.0,92.0
99.0,100.0,100.0,93.0,93.0
99.0,100.0,100.0,94.0,94.0
99.0,100.0,100.0,95.0,95.0
99.0,100.0,100.0,96.0,96.0
99.0,100.0,100.0,98.0,98.0
99.0,100.0,100.0,99.0,99.0
100.0,79.0,100.0,100.0,100.0
100.0,100.0,97.0,100.0,100.0
98.0,100.0,100.0,99.0,99.0
97.0,99.0,100.0,99.0,99.0
97.0,98.0,100.0,99.0,99.0
96.0,98.0,100.0,99.0,99.0
96.0,97.0,100.0,99.0,99.0
96.0,96.0,100.0,98.0,98.0
95.0,96.0,100.0,98.0,98.0
94.0,96.0,100.0,98.0,98.0
94.0,94.0,100.0,98.0,98.0
100.0,91.0,100.0,99.0,99.0
100.0,85.0,100.0,99.0,99.0
100.0,79.0,100.0,99.0,99.0
97.0,97.0,100.0,99.0,99.0
99.0,87.0,100.0,100.0,100.0
99.0,85.0,100.0,100.0,100.0
99.0,79.0,100.0,100.0,100.0
94.0,82.0,100.0,100.0,100.0
100.0,94.0,100.0,97.0,97.0
100.0,100.0,100.0,97.0,97.0
100.0,100.0,100.0,95.0,95.0
100.0,100.0,100.0,94.0,94.0
100.0,100.0,100.0,91.0,91.0
97.0,94.0,100.0,98.0,98.0
100.0,98.0,100.0,99.0,99.0
99.0,83.0,100.0,100.0,100.0
100.0,77.0,100.0,100.0,100.0
94.0,98.0,100.0,100.0,100.0
93.0,94.0,100.0,100.0,100.0
92.0,94.0,100.0,100.0,100.0
91.0,92.0,100.0,100.0,100.0
90.0,91.0,100.0,100.0,100.0
90.0,88.0,100.0,100.0,100.0
90.0,87.0,100.0,100.0,100.0
88.0,83.0,100.0,100.0,100.0
99.0,86.0,100.0,100.0,100.0
98.0,83.0,100.0,100.0,100.0
97.0,78.0,100.0,100.0,100.0
97.0,76.0,100.0,100.0,100.0
100.0,100.0,100.0,88.0,88.0
100.0,100.0,100.0,93.0,93.0
98.0,99.0,100.0,100.0,100.0
97.0,99.0,100.0,100.0,100.0
96.0,99.0,100.0,100.0,100.0
95.0,99.0,100.0,100.0,100.0
100.0,99.0,100.0,99.0,99.0
100.0,99.0,100.0,98.0,98.0
100.0,100.0,100.0,90.0,90.0
100.0,100.0,100.0,96.0,96.0
100.0,99.0,100.0,96.0,96.0
100.0,94.0,100.0,99.0,99.0
100.0,82.0,100.0,99.0,99.0
100.0,76.0,100.0,99.0,99.0
99.0,93.0,100.0,100.0,100.0
99.0,88.0,100.0,100.0,100.0
98.0,86.0,100.0,100.0,100.0
98.0,82.0,100.0,100.0,100.0
98.0,81.0,100.0,100.0,100.0
98.0,80.0,100.0,100.0,100.0
98.0,78.0,100.0,100.0,100.0
98.0,77.0,100.0,100.0,100.0
98.0,76.0,100.0,100.0,100.0
98.0,75.0,100.0,100.0,100.0
98.0,74.0,100.0,100.0,100.0
96.0,94.0,100.0,100.0,100.0
99.0,100.0,100.0,97.0,97.0
91.0,100.0,100.0,100.0,100.0
90.0,100.0,100.0,100.0,100.0
89.0,100.0,100.0,100.0,100.0
88.0,100.0,100.0,100.0,100.0
88.0,94.0,100.0,100.0,100.0
88.0,88.0,100.0,100.0,100.0
100.0,82.0,100.0,98.0,98.0
97.0,98.0,100.0,100.0,100.0
96.0,98.0,100.0,100.0,100.0
95.0,98.0,100.0,100.0,100.0
94.0,97.0,100.0,100.0,100.0
93.0,97.0,100.0,100.0,100.0
99.0,95.0,100.0,100.0,100.0
99.0,94.0,100.0,100.0,100.0
100.0,87.0,100.0,100.0,100.0
100.0,86.0,100.0,100.0,100.0
100.0,85.0,100.0,100.0,100.0
100.0,83.0,100.0,100.0,100.0
100.0,81.0,100.0,100.0,100.0
100.0,80.0,100.0,100.0,100.0
100.0,78.0,100.0,100.0,100.0
98.0,98.0,100.0,100.0,100.0
97.0,74.0,100.0,94.0,94.0
99.0,94.0,100.0,99.0,99.0
100.0,100.0,100.0,98.0,98.0
100.0,94.0,100.0,96.0,96.0
100.0,100.0,98.0,100.0,100.0
100.0,75.0,100.0,100.0,100.0
100.0,74.0,100.0,100.0,100.0
100.0,84.0,100.0,100.0,100.0
100.0,93.0,100.0,100.0,100.0
100.0,91.0,100.0,100.0,100.0
100.0,90.0,100.0,100.0,100.0
100.0,96.0,100.0,100.0,100.0
100.0,100.0,100.0,99.0,99.0
100.0,98.0,100.0,96.0,96.0
99.0,99.0,100.0,100.0,100.0
99.0,100.0,100.0,100.0,100.0
98.0,100.0,100.0,100.0,100.0
97.0,100.0,100.0,100.0,100.0
96.0,100.0,100.0,100.0,100.0
95.0,100.0,100.0,100.0,100.0
94.0,100.0,100.0,100.0,100.0
93.0,100.0,100.0,100.0,100.0
92.0,100.0,100.0,100.0,100.0
99.0,98.0,100.0,100.0,100.0
98.0,88.0,100.0,98.0,98.0
100.0,76.0,100.0,100.0,100.0
100.0,100.0,99.0,100.0,100.0
100.0,88.0,100.0,100.0,100.0
100.0,94.0,100.0,100.0,100.0
100.0,97.0,100.0,100.0,100.0
100.0,82.0,100.0,100.0,100.0
100.0,98.0,100.0,100.0,100.0
99.0,97.0,100.0,100.0,100.0
99.0,96.0,100.0,100.0,100.0
97.0,92.0,100.0,100.0,100.0
100.0,95.0,100.0,100.0,100.0
100.0,92.0,100.0,100.0,100.0
99.0,92.0,100.0,100.0,100.0
99.0,91.0,100.0,100.0,100.0
99.0,90.0,100.0,100.0,100.0
100.0,89.0,100.0,100.0,100.0
100.0,99.0,100.0,100.0,100.0
100.0,100.0,100.0,100.0,100.0
