100.0,63.0,100.0,90.0,90.0
99.0,72.0,100.0,97.0,97.0
99.0,70.0,100.0,97.0,97.0
99.0,61.0,100.0,89.0,89.0
99.0,65.0,100.0,98.0,98.0
99.0,75.0,100.0,100.0,100.0
99.0,69.0,100.0,100.0,100.0
99.0,67.0,100.0,100.0,100.0
100.0,57.0,100.0,100.0,100.0
99.0,72.0,100.0,100.0,100.0
99.0,74.0,100.0,100.0,100.0
100.0,57.0,100.0,97.0,97.0
98.0,62.0,99.0,99.0,99.0
98.0,74.0,100.0,99.0,99.0
97.0,74.0,100.0,99.0,99.0
97.0,73.0,100.0,99.0,99.0
100.0,58.0,99.0,100.0,100.0
99.0,68.0,100.0,100.0,100.0
99.0,66.0,100.0,100.0,100.0
99.0,64.0,100.0,100.0,100.0
99.0,62.0,100.0,100.0,100.0
98.0,59.0,100.0,100.0,100.0
100.0,59.0,100.0,100.0,100.0
100.0,66.0,100.0,99.0,99.0
100.0,70.0,100.0,98.0,98.0
100.0,64.0,100.0,100.0,100.0
100.0,58.0,100.0,100.0,100.0
99.0,73.0,100.0,100.0,100.0
99.0,71.0,100.0,100.0,100.0
97.0,73.0,100.0,100.0,100.0
96.0,73.0,100.0,100.0,100.0
96.0,72.0,100.0,100.0,100.0
100.0,71.0,100.0,100.0,100.0
100.0,70.0,100.0,99.0,99.0
100.0,69.0,100.0,100.0,100.0
100.0,61.0,100.0,99.0,99.0
100.0,60.0,100.0,99.0,99.0
100.0,60.0,100.0,98.0,98.0
100.0,59.0,100.0,98.0,98.0
100.0,64.0,100.0,98.0,98.0
98.0,75.0,100.0,100.0,100.0
98.0,74.0,100.0,100.0,100.0
98.0,73.0,100.0,100.0,100.0
98.0,71.0,100.0,100.0,100.0
98.0,70.0,100.0,100.0,100.0
98.0,69.0,100.0,100.0,100.0
97.0,68.0,100.0,100.0,100.0
97.0,67.0,100.0,100.0,100.0
97.0,66.0,100.0,100.0,100.0
100.0,73.0,100.0,100.0,100.0
100.0,70.0,100.0,100.0,100.0
100.0,65.0,100.0,100.0,100.0
100.0,72.0,100.0,100.0,100.0
100.0,68.0,100.0,100.0,100.0
100.0,66.0,100.0,100.0,100.0
100.0,63.0,100.0,100.0,100.0
100.0,62.0,100.0,100.0,100.0
100.0,60.0,100.0,100.0,100.0
97.0,74.0,100.0,94.0,94.0
97.0,61.0,100.0,94.0,94.0
99.0,64.0,100.0,99.0,99.0
98.0,60.0,100.0,99.0,99.0
100.0,70.0,100.0,95.0,95.0
100.0,75.0,100.0,100.0,100.0
100.0,74.0,100.0,100.0,100.0
98.0,64.0,100.0,100.0,100.0
100.0,67.0,100.0,100.0,100.0
100.0,61.0,100.0,100.0,100.0
